123145514606592
123145514606592
123145514606592
123145514606592
123145665712128
123145514606592
123145514606592
123145514606592
123145850396672
123145900765184
123145900765184
123145967923200
123146001502208
123146001502208
123146001502208
123146001502208
123146001502208
123146001502208
123146270134272
123146270134272
123146270134272
123146404450304
123146404450304
123146488397824
123146488397824
123146572345344
123146572345344
123146572345344
123146723450880
123146723450880
123146790608896
123146790608896
123146874556416
123146874556416
123146874556416
123147042451456
123147042451456
123145967923200
123146169397248
123147159977984
123147193556992
123145665712128
123147260715008
123147260715008
123147260715008
123147445399552
123147143188480
123147546136576
123147546136576
123147546136576
123147546136576
123147714031616
123147730821120
123147764400128
123147797979136
123147797979136
123145783238656
123147378241536
123147411820544
123146219765760
123147613294592
123147646873600
123147546136576
123147848347648
123146656292864
123147797979136
123147395031040
123147478978560
123147663663104
123147714031616
123146354081792
123146370871296
123147327873024
123146169397248
123147697242112
123147814768640
123146286923776
123145800028160
123147680452608
123147730821120
123146992082944
123147445399552
123147495768064
123147865137152
123146958503936
123145648922624
123145665712128
123146521976832
123146840977408
123147529347072
123147747610624
123145766449152
123146975293440
123147143188480
123146639503360
123146202976256
123147361452032
123145732870144
123147109609472
123145615343616
123146555555840
123146152607744
123147344662528
123147243925504
123145934344192
123147294294016
123146102239232
123145682501632
123147579715584
123146891345920
123146589134848
123147260715008
123145514606592
123146605924352
123146622713856
123147210346496
123146320502784
123146387660800
123147630084096
123146706661376
123147596505088
123146505187328
123147176767488
123146068660224
123145917554688
123146824187904
123146186186752
123147428610048
123147898716160
123147059240960
123146941714432
123147025661952
123146723450880
123146001502208
123147881926656
123147193556992
123145581764608
123147915505664
123147311083520
123147562926080
123146740240384
123146337292288
123146135818240
123147512557568
123145548185600
123146471608320
123145833607168
123145984712704
123147781189632
123146454818816
123147092819968
123146253344768
123146908135424
123146051870720
123146119028736
123145850396672
123146085449728
123145531396096
123146018291712
123145564975104
123146421239808
123146689871872
123145699291136
123146874556416
123146790608896
123146035081216
123145883975680
123147042451456
123146673082368
123146236555264
123146773819392
123147831558144
123146857766912
123146438029312
123146757029888
123147227136000
123145716080640
123145951133696
123146303713280
123145867186176
123146807398400
123146924924928
123146270134272
123147462189056
123145632133120
123147076030464
123145967923200
123147126398976
123146538766336
123145598554112
123147159977984
123146488397824
123147764400128
123147008872448
123146404450304
123146572345344
123145816817664
123145900765184
123147277504512
123145749659648
123145522876416
123145522876416
123145522876416
123145791508480
123145825087488
123145825087488
123145909035008
123145942614016
123145942614016
123145942614016
123145942614016
123146160877568
123146160877568
123146211246080
123146278404096
123146278404096
123146278404096
123146278404096
123146463088640
123146463088640
123146463088640
123146597404672
123146630983680
123146647773184
123146698141696
123146698141696
123146765299712
123146798878720
123146798878720
123146798878720
123146933194752
123146966773760
123146966773760
123146966773760
123145707560960
123147117879296
123147168247808
123146060140544
123147218616320
123147235405824
123147268984832
123146429509632
123147319353344
123147319353344
123147319353344
123147319353344
123147420090368
123147453669376
123147487248384
123147520827392
123146463088640
123147587985408
123147587985408
123147655143424
123147688722432
123147722301440
123147755880448
123147806248960
123147839827968
123147890196480
123147017142272
123147050721280
123147201826816
123145942614016
123146479878144
123147369721856
123146547036160
123147386511360
123147319353344
123147638353920
123147806248960
123147033931776
123146144088064
123147453669376
123147772669952
123147755880448
123145959403520
123147252195328
123146580615168
123147520827392
123147823038464
123145673981952
123146026561536
123146211246080
123147504037888
123146815668224
123145522876416
123146530246656
123146513457152
123146429509632
123146748510208
123145590034432
123145909035008
123147218616320
123147403300864
123146698141696
123147856617472
123146076930048
123146009772032
123146647773184
123147604774912
123145657192448
123145841876992
123145757929472
123146714931200
123147554406400
123145640402944
123146060140544
123147789459456
123147436879872
123145690771456
123146093719552
123147185037312
123147420090368
123145606823936
123146849247232
123146261614592
123146630983680
123145556455424
123146933194752
123146446299136
123146244825088
123147571195904
123146899615744
123146949984256
123146395930624
123145623613440
123146782089216
123147873406976
123147117879296
123145976193024
123145539665920
123146463088640
123146563825664
123147000352768
123146328772608
123147705511936
123146866036736
123147101089792
123147722301440
123145724350464
123147151458304
123147671932928
123145573244928
123145858666496
123146597404672
123146681352192
123147302563840
123147352932352
123146731720704
123146110509056
123147739090944
123146412720128
123146664562688
123146614194176
123147067510784
123146127298560
123147587985408
123147621564416
123146160877568
123147285774336
123147470458880
123147487248384
123147268984832
123146983563264
123146311983104
123147655143424
123146798878720
123145741139968
123145875456000
123146832457728
123147688722432
123146043351040
123146345562112
123146496667648
123147537616896
123146379141120
123145791508480
123145707560960
123146882826240
123146966773760
123147235405824
123146177667072
123146194456576
123147336142848
123147168247808
123147084300288
123146228035584
123147134668800
123145825087488
123146278404096
123146295193600
123145992982528
123146916405248
123146765299712
123146362351616
123145892245504
123145808297984
123145774718976
123145925824512
123145566969856
123145566969856
123145566969856
123145734864896
123145751654400
123145785233408
123145785233408
123145852391424
123145852391424
123145852391424
123145852391424
123146003496960
123146003496960
123146003496960
123146137812992
123146154602496
123146154602496
123146204971008
123146238550016
123146272129024
123146272129024
123146356076544
123146356076544
123146356076544
123146356076544
123146523971584
123146557550592
123146591129600
123146624708608
123146658287616
123146708656128
123146742235136
123146759024640
123146792603648
123146809393152
123146842972160
123146876551168
123146926919680
123146960498688
123146994077696
123146994077696
123146994077696
123147128393728
123146037075968
123147145183232
123146255339520
123147229130752
123147245920256
123147245920256
123147329867776
123147363446784
123147413815296
123147447394304
123146725445632
123146809393152
123146910130176
123147531341824
123147564920832
123147581710336
123147010867200
123147648868352
123145852391424
123145852391424
123145852391424
123145852391424
123147783184384
123147783184384
123146037075968
123147212341248
123146356076544
123146574340096
123147279499264
123147296288768
123146372866048
123146624708608
123146675077120
123146658287616
123146607919104
123147363446784
123147447394304
123146725445632
123147480973312
123146910130176
123147548131328
123147531341824
123147564920832
123147598499840
123147044446208
123147615289344
123147632078848
123147010867200
123147665657856
123147094814720
123146070654976
123147061235712
123147128393728
123147749605376
123145852391424
123146053865472
123146322497536
123147145183232
123147229130752
123146591129600
123147430604800
123146926919680
123147497762816
123145885970432
123145818812416
123146020286464
123146473603072
123146255339520
123146523971584
123146691866624
123145617338368
123146842972160
123145902759936
123146188181504
123147161972736
123146456813568
123146440024064
123147262709760
123147313078272
123146742235136
123147329867776
123146893340672
123146171392000
123145835601920
123147682447360
123146339287040
123146641498112
123147245920256
123147078025216
123146708656128
123146960498688
123145718075392
123146288918528
123146204971008
123146557550592
123146826182656
123145667706880
123145701285888
123146305708032
123146389655552
123147514552320
123145919549440
123147346657280
123145936338944
123147178762240
123146775814144
123145583759360
123146977288192
123145634127872
123146104233984
123146859761664
123147413815296
123146406445056
123146490392576
123146792603648
123146759024640
123146809393152
123147799973888
123146003496960
123147648868352
123146507182080
123146272129024
123145785233408
123147380236288
123146876551168
123146238550016
123147195551744
123145869180928
123145600548864
123145953128448
123147581710336
123146221760512
123146423234560
123146943709184
123145986707456
123145751654400
123146154602496
123145684496384
123145566969856
123145650917376
123147027656704
123145802022912
123147766394880
123146137812992
123147699236864
123146994077696
123146121023488
123145969917952
123145734864896
123147397025792
123147111604224
123146540761088
123147464183808
123147732815872
123147716026368
123145768443904
123146087444480
